0.00049 1.339	
0.00098 1.334
0.00195 1.338
0.00293 1.419
0.00391 1.303
0.00586 1.338
0.00781 1.326
0.00977 1.356
0.01172 1.331
0.01367 1.339
0.01562 1.338
0.01758 1.331
0.01953 1.338
0.02148 1.339
0.02344 1.340
0.02539 1.341
0.02734 1.341
0.02930 1.337
0.03125 1.340
0.03516 3.903
0.03906 4.017
0.04297 4.010
0.04688 4.022
0.05078 4.001
0.05469 4.021
0.05859 3.978
0.06250 3.943
0.07031 4.166
0.07812 3.958
0.08594 4.029
0.09375 4.031
0.10156 4.013
0.10938 4.013
0.11719 4.072
0.12500 4.009
0.14062 4.322
0.15625 4.003
0.17188 4.164
0.18750 4.044
0.20312 4.167
0.21875 4.183
0.23438 4.301
0.25000 4.299
0.28125 4.734
0.31250 4.423
0.34375 4.441
0.37500 4.573
0.40625 4.574
0.43750 4.606
0.46875 4.540
0.50000 4.605
0.56250 4.603
0.62500 4.690
0.68750 4.586
0.75000 4.606
0.81250 4.608
0.87500 4.606
0.93750 4.571
1.00000 5.028
1.12500 4.586
1.25000 4.611
1.37500 4.571
1.50000 4.602
1.62500 4.590
1.75000 4.773
1.87500 4.713
2.00000 5.154
2.25000 4.904
2.50000 5.369
2.75000 5.839
3.00000 6.384
3.25000 6.920
3.50000 7.250
3.75000 7.489
4.00000 7.629
4.50000 7.710
5.00000 7.892
5.50000 7.745
6.00000 7.892
6.50000 7.753
7.00000 7.833
7.50000 7.746
8.00000 7.740
9.00000 7.735
10.00000 7.860
11.00000 7.747
12.00000 7.858
13.00000 7.821
14.00000 7.754
15.00000 7.749
16.00000 7.738
18.00000 7.783
20.00000 7.676
22.00000 7.767
24.00000 7.846
26.00000 7.745
28.00000 7.760
30.00000 7.734
32.00000 7.702
36.00000 7.738
40.00000 7.746
44.00000 7.751
48.00000 7.741
52.00000 7.736
56.00000 7.801
60.00000 7.720
64.00000 7.764
